R 6 7 8 9 10 11 12 14 16 18 20 22 24 28 36 999
I 6 7 8 9 10 11 12 14 16 18 20 22 24 28 36 999
B 6 7 8 9 10 11 12 14 16 18 20 22 24 28 36 999
H 6 7 8 9 10 11 12 14 16 18 20 22 24 28 36 999
CW 6 7 8 9 10 11 12 14 16 18 20 22 24 28 36 999
S 6 7 8 9 10 11 12 14 16 18 20 22 24 28 36 999
S1 6 7 8 9 10 11 12 14 16 18 20 22 24 28 36 999
GR 6 7 8 9 10 11 12 14 16 18 20 22 24 28 36 999
BI 6 7 8 9 10 11 12 14 16 18 20 22 24 28 36 999
HI 6 7 8 9 10 11 12 14 16 18 20 22 24 28 36 999
PA 6 7 8 9 10 11 12 14 16 18 20 22 24 28 36 999
PI 6 7 8 9 10 11 12 14 16 18 20 22 24 28 36 999
S2 6 7 8 9 10 11 12 14 16 18 20 22 24 28 36 999
S3 6 7 8 9 10 11 12 14 16 18 20 22 24 28 36 999
LO 36 999
