# CW 85 constant width courier from GSI

name R
internalname 85
spacewidth 20
charset
a	20	0	1
b	20	2	2
c	20	0	3
d	20	2	4
e	20	0	5
f	20	2	6
g	20	1	7
h	20	2	8
i	20	2	9
j	20	3	10
k	20	2	11
l	20	2	12
m	20	0	13
n	20	0	14
o	20	0	15
p	20	1	16
q	20	1	17
r	20	0	18
s	20	0	19
t	20	2	20
u	20	0	21
v	20	0	22
w	20	0	23
x	20	0	24
y	20	1	25
z	20	0	26
A	20	2	27
B	20	2	28
C	20	2	29
D	20	2	30
E	20	2	31
F	20	2	32
G	20	2	33
H	20	2	34
I	20	2	35
J	20	2	36
K	20	2	37
L	20	2	38
M	20	2	39
N	20	2	40
O	20	2	41
P	20	2	42
Q	20	3	43
R	20	2	44
S	20	2	45
T	20	2	46
U	20	2	47
V	20	2	48
W	20	2	49
X	20	2	50
Y	20	2	51
Z	20	2	52
&	20	0	53
1	20	2	54
2	20	2	55
3	20	2	56
4	20	2	57
5	20	2	58
6	20	2	59
7	20	2	60
8	20	2	61
9	20	2	62
0	20	2	63
.	20	0	64
,	20	0	65
:	20	0	66
;	20	0	67
?	20	0	68
!	20	0	69
(	20	0	70
)	20	0	71
hy	20	0	72
-	"	=hy
'	20	0	73
\'	"	='
aa	"	='
`	20	0	74
\`	"	=`
ga	"	=`
em	20	0	75
$	20	0	77
ct	20	0	78
%	20	0	79
/	20	0	80
fm	20	0	83
[	20	0	84
]	20	0	85
*	20	0	86
"	20	0	91
dq	"
#	20	0	92
~	20	0	95
@	20	0	96
+	20	0	98
no	20	0	99
|	20	0	100
\	20	0	101
bs	"
>	20	0	102
<	20	0	103
=	20	0	104
^	20	0	105
_	20	0	106
{	20	0	107
}	20	0	108
or	20	0	109
da	20	0	120
->	20	0	121
<-	20	0	122
ua	20	0	123
lh	20	0	124	upper left arrow
dg	20	0	125	cap
sq	20	0	126	open box
