# home-brew special font
name S
special
internalname 103
charset
ct	20	0	1
dd	20	0	2
aa	20	0	3
ga	20	0	4
^	20	0	5
..	20	0	6
~	20	0	7
hc	20	0	8
cd	20	0	9
co	20	0	10
rg	20	0	11
tm	20	0	12
@	20	0	13
pp	20	0	14
fe	20	0	15
ma	20	0	16
bu	20	0	17
bx	20	0	18
ob	20	0	19
ci	20	0	20
sq	20	0	21
#	20	0	22
tp	20	0	23
rh	20	0	24
lh	20	0	25
*a	20	0	26
*b	20	2	27
*q	20	2	28
*d	20	2	29
*e	20	0	30
*f	20	2	31
*g	20	2	32
*y	20	0	33
*i	20	0	34
*c	20	2	35
*k	20	0	36
*l	20	2	37
*m	20	0	38
*n	20	0	39
*o	20	0	40
*p	20	0	41
*r	20	1	42
*s	20	0	43
*t	20	0	44
*h	20	2	45
*w	20	0	46
*x	20	0	47
*u	20	0	48
*z	20	2	49
*Q	20	2	50
*D	20	2	51
*F	20	2	52
*G	20	2	53
*C	20	2	54
*L	20	2	55
*H	20	2	56
*W	20	2	57
+	20	0	58
pl	"
mi	20	0	59
\-	"
mu	20	0	60
=	20	0	61
eq	"
di	20	0	62
+-	20	0	63
de	20	0	64
fm	20	0	65
al	20	2	66
es	20	0	67
pt	20	0	68
if	20	0	69
ts	20	0	70
gr	20	2	71
pd	20	2	72
>	20	0	73
<	20	0	74
>=	20	0	75
<=	20	0	76
or	20	2	77
sl	20	2	78
\	20	2	79
bs	"
ap	20	0	80
~=	20	0	81
~~	20	0	82
==	20	0	83
**	20	0	85
Sl	20	2	86	script	l
{	20	0	87
}	20	0	88
|	20	0	89
sr	20	0	90
is	20	0	91
*S	20	0	92
*P	20	0	93
sb	20	0	94
sp	20	0	95
ca	20	0	96
cu	20	0	97
ib	20	0	98
ip	20	0	99
mo	20	0	100
br	20	0	101
ru	20	0	102
l.	20	0	103
L.	20	0	104
L1	20	0	106	new ball logo
b9	20	0	107
->	20	0	108
<-	20	0	109
ua	20	0	110
da	20	0	111
!=	20	0	112
lf	20	0	113
rf	20	0	114
lc	20	0	115
rc	20	0	116
_	20	0	117
ul	"
\_	"
bv	20	0	118
lt	20	0	119
rt	20	0	120
lb	20	0	121
rb	20	0	122
lk	20	0	123
rk	20	0	124
"	20	0	125
dq	"
fa	20	0	126
te	20	0	127
rn	20	0	128
12	20	0	129
14	20	0	130
34	20	0	131
no	20	0	132
vr	20	0	133	vertical rule - lines up with \(ru
IE	20	0	134	ieee logo
pw	20	0	135	peter weinberger
