# CW 85 constant width courier from GSI

name R
spacewidth 24
charset
a	24	0	1
b	24	2	2
c	24	0	3
d	24	2	4
e	24	0	5
f	24	2	6
g	24	1	7
h	24	2	8
i	24	2	9
j	24	3	10
k	24	2	11
l	24	2	12
m	24	0	13
n	24	0	14
o	24	0	15
p	24	1	16
q	24	1	17
r	24	0	18
s	24	0	19
t	24	2	20
u	24	0	21
v	24	0	22
w	24	0	23
x	24	0	24
y	24	1	25
z	24	0	26
A	24	2	27
B	24	2	28
C	24	2	29
D	24	2	30
E	24	2	31
F	24	2	32
G	24	2	33
H	24	2	34
I	24	2	35
J	24	2	36
K	24	2	37
L	24	2	38
M	24	2	39
N	24	2	40
O	24	2	41
P	24	2	42
Q	24	3	43
R	24	2	44
S	24	2	45
T	24	2	46
U	24	2	47
V	24	2	48
W	24	2	49
X	24	2	50
Y	24	2	51
Z	24	2	52
&	24	0	53
1	24	2	54
2	24	2	55
3	24	2	56
4	24	2	57
5	24	2	58
6	24	2	59
7	24	2	60
8	24	2	61
9	24	2	62
0	24	2	63
.	24	0	64
,	24	0	65
:	24	0	66
;	24	0	67
?	24	0	68
!	24	0	69
(	24	0	70
)	24	0	71
hy	24	0	72
-	"	=hy
'	24	0	73
\'	"	='
aa	"	='
`	24	0	74
\`	"	=`
ga	"	=`
em	24	0	75
$	24	0	77
ct	24	0	78
%	24	0	79
/	24	0	80
fm	24	0	83
[	24	0	84
]	24	0	85
*	24	0	86
"	24	0	91
dq	"
#	24	0	92
~	24	0	95
@	24	0	96
+	24	0	98
no	24	0	99
|	24	0	100
\	24	0	101
bs	"
>	24	0	102
<	24	0	103
=	24	0	104
^	24	0	105
_	24	0	106
{	24	0	107
}	24	0	108
or	24	0	109
da	24	0	120
->	24	0	121
<-	24	0	122
ua	24	0	123
lh	24	0	124	upper left arrow
dg	24	0	125	cap
sq	24	0	126	open box
