# home-brew special font
name S
special
internalname 103
charset
ct	24	0	1
dd	24	0	2
aa	24	0	3
ga	24	0	4
^	24	0	5
..	24	0	6
~	24	0	7
hc	24	0	8
cd	24	0	9
co	24	0	10
rg	24	0	11
tm	24	0	12
@	24	0	13
pp	24	0	14
fe	24	0	15
ma	24	0	16
bu	24	0	17
bx	24	0	18
ob	24	0	19
ci	24	0	20
sq	24	0	21
#	24	0	22
tp	24	0	23
rh	24	0	24
lh	24	0	25
*a	24	0	26
*b	24	2	27
*q	24	2	28
*d	24	2	29
*e	24	0	30
*f	24	2	31
*g	24	2	32
*y	24	0	33
*i	24	0	34
*c	24	2	35
*k	24	0	36
*l	24	2	37
*m	24	0	38
*n	24	0	39
*o	24	0	40
*p	24	0	41
*r	24	1	42
*s	24	0	43
*t	24	0	44
*h	24	2	45
*w	24	0	46
*x	24	0	47
*u	24	0	48
*z	24	2	49
*Q	24	2	50
*D	24	2	51
*F	24	2	52
*G	24	2	53
*C	24	2	54
*L	24	2	55
*H	24	2	56
*W	24	2	57
+	24	0	58
pl	"
mi	24	0	59
\-	"
mu	24	0	60
=	24	0	61
eq	"
di	24	0	62
+-	24	0	63
de	24	0	64
fm	24	0	65
al	24	2	66
es	24	0	67
pt	24	0	68
if	24	0	69
ts	24	0	70
gr	24	2	71
pd	24	2	72
>	24	0	73
<	24	0	74
>=	24	0	75
<=	24	0	76
or	24	2	77
sl	24	2	78
\	24	2	79
bs	"
ap	24	0	80
~=	24	0	81
~~	24	0	82
==	24	0	83
**	24	0	85
Sl	24	2	86	script	l
{	24	0	87
}	24	0	88
|	24	0	89
sr	24	0	90
is	24	0	91
*S	24	0	92
*P	24	0	93
sb	24	0	94
sp	24	0	95
ca	24	0	96
cu	24	0	97
ib	24	0	98
ip	24	0	99
mo	24	0	100
br	24	0	101
ru	24	0	102
l.	24	0	103
L.	24	0	104
L1	24	0	106	new ball logo
b9	24	0	107
->	24	0	108
<-	24	0	109
ua	24	0	110
da	24	0	111
!=	24	0	112
lf	24	0	113
rf	24	0	114
lc	24	0	115
rc	24	0	116
_	24	0	117
ul	"
\_	"
bv	24	0	118
lt	24	0	119
rt	24	0	120
lb	24	0	121
rb	24	0	122
lk	24	0	123
rk	24	0	124
"	24	0	125
dq	"
fa	24	0	126
te	24	0	127
rn	24	0	128
12	24	0	129
14	24	0	130
34	24	0	131
no	24	0	132
vr	24	0	133	vertical rule - lines up with \(ru
IE	24	0	134	ieee logo
pw	24	0	135	peter weinberger
