# Times Bold
name B
internalname 34
ligatures ff fi fl ffi ffl 0
charset
A	35	2	65
B	32	2	66
C	35	2	67
D	35	2	68
E	32	2	69
F	31	2	70
G	38	2	71
H	35	2	72
I	16	2	73
J	24	2	74
K	38	2	75
L	30	2	76
M	43	2	77
N	38	2	78
O	38	2	79
P	32	2	80
Q	38	3	81
R	35	2	82
S	27	2	83
T	35	2	84
U	35	2	85
V	35	2	86
W	48	2	87
X	35	2	88
Y	35	2	89
Z	30	2	90
a	24	0	97
b	27	2	98
c	22	0	99
d	27	2	100
e	22	0	101
f	16	2	102
g	24	1	103
h	27	2	104
i	14	2	105
j	16	3	106
k	27	2	107
l	14	2	108
m	40	0	109
n	27	0	110
o	24	0	111
p	27	1	112
q	24	1	113
r	21	0	114
s	19	0	115
t	19	2	116
u	27	0	117
v	26	0	118
w	35	0	119
x	24	0	120
y	26	1	121
z	22	0	122
0	24	2	48
1	24	2	49
2	24	2	50
3	24	2	51
4	24	2	52
5	24	2	53
6	24	2	54
7	24	2	55
8	24	2	56
9	24	2	57
!	14	2	33
%	46	2	37
&	38	2	38
'	14	2	39
(	16	3	40
)	16	3	41
*	24	2	42
+	38	3	43
,	14	1	44
hy	16	0	161
-	16	0	45
.	14	0	46
/	24	3	47
:	14	0	58
;	14	1	59
<	48	2	60
=	48	0	61
>	48	2	62
?	19	2	63
[	14	3	91
]	14	3	93
`	14	2	96
$	24	2	36
|	14	3	124
em	48	0	162
de	35	2	163
\-	24	0	164
en	"
ff	27	2	165
fi	27	2	166
fl	27	2	167
Fi	40	2	168
Fl	40	2	169
fm	10	2	170
ru	26	0	171
dg	22	3	172
bu	24	0	173
14	31	2	174
34	32	2	175
12	31	2	176
ct	22	2	177
rg	25	2	178
sq	27	2	179
