# Bold Italic
name BI
internalname 37
ligatures ff fi fl ffi ffl 0
charset
A	37	2	65
B	34	2	66
C	37	2	67
D	37	2	68
E	34	2	69
F	33	2	70
G	40	2	71
H	37	2	72
I	19	2	73
J	27	2	74
K	40	2	75
L	32	2	76
M	45	2	77
N	40	2	78
O	40	2	79
P	34	2	80
Q	40	3	81
R	37	2	82
S	29	2	83
T	37	2	84
U	37	2	85
V	37	2	86
W	50	2	87
X	37	2	88
Y	37	2	89
Z	32	2	90
a	27	0	97
b	24	2	98
c	24	0	99
d	27	2	100
e	24	0	101
f	16	3	102
g	24	1	103
h	27	2	104
i	16	2	105
j	17	3	106
k	24	2	107
l	14	2	108
m	42	0	109
n	29	0	110
o	27	0	111
p	27	1	112
q	24	1	113
r	21	0	114
s	21	0	115
t	17	2	116
u	28	0	117
v	24	0	118
w	34	0	119
x	24	0	120
y	25	1	121
z	21	0	122
0	27	2	48
1	27	2	49
2	27	2	50
3	27	2	51
4	27	3	52
5	27	2	53
6	27	2	54
7	27	2	55
8	27	2	56
9	27	2	57
!	16	2	33
%	47	2	37
&	37	2	38
'	16	2	39
(	19	3	40
)	19	3	41
*	27	2	42
+	40	3	43
,	16	1	44
hy	19	0	161
-	19	0	45
.	16	0	46
/	27	3	47
:	16	0	58
;	16	1	59
<	50	2	60
=	50	0	61
>	50	2	62
?	27	2	63
[	16	3	91
]	16	3	93
`	16	2	96
$	21	3	36
|	12	3	124
em	50	0	162
de	37	2	163
\-	27	0	164
en	"
ff	32	3	165
fi	32	3	166
fl	32	3	167
Fi	47	3	168
Fl	47	3	169
fm	10	2	170
dg	22	3	171
bu	24	0	172
14	31	2	173
34	32	2	174
12	31	2	175
ct	22	2	176
rg	25	2	177
sq	27	2	178
