# Constant Width
name CW
internalname 36
spacewidth 25
charset
A	25	2	65
B	25	2	66
C	25	2	67
D	25	2	68
E	25	2	69
F	25	2	70
G	25	2	71
H	25	2	72
I	25	2	73
J	25	2	74
K	25	2	75
L	25	2	76
M	25	2	77
N	25	2	78
O	25	2	79
P	25	2	80
Q	25	3	81
R	25	2	82
S	25	2	83
T	25	2	84
U	25	2	85
V	25	2	86
W	25	2	87
X	25	2	88
Y	25	2	89
Z	25	2	90
a	25	0	97
b	25	2	98
c	25	0	99
d	25	2	100
e	25	0	101
f	25	2	102
g	25	1	103
h	25	2	104
i	25	2	105
j	25	3	106
k	25	2	107
l	25	2	108
m	25	0	109
n	25	0	110
o	25	0	111
p	25	1	112
q	25	1	113
r	25	0	114
s	25	0	115
t	25	0	116
u	25	0	117
v	25	0	118
w	25	0	119
x	25	0	120
y	25	1	121
z	25	0	122
0	25	2	48
1	25	2	49
2	25	2	50
3	25	2	51
4	25	2	52
5	25	2	53
6	25	2	54
7	25	2	55
8	25	2	56
9	25	2	57
!	25	2	33
"	25	2	34
dq	"
#	25	2	35
$	25	2	36
%	25	2	37
&	25	2	38
'	25	2	39
(	25	2	40
)	25	2	41
*	25	0	42
+	25	0	43
,	25	1	44
hy	25	0	161
-	25	0	45
.	25	0	46
sl	25	2	162
/	25	2	47
:	25	0	58
;	25	1	59
<	25	0	60
=	25	0	61
>	25	0	62
?	25	2	63
@	25	2	64
[	25	2	91
\	25	2	92
bs	"
]	25	2	93
^	25	2	94
ul	25	1	163
_	25	1	95
`	25	2	96
{	25	2	123
or	25	2	164
|	25	2	124
}	25	2	125
~	25	2	126
ru	25	0	165
no	25	0	166
->	25	0	167
<-	25	0	168
da	25	2	169
ct	25	0	170
fm	"
lh	"
sq	"
dg	"
ua	"
