# Helvetica Italic
name HI
internalname 38
charset
A	26	2	65
B	26	2	66
C	26	2	67
D	28	2	68
E	25	2	69
F	24	2	70
G	30	2	71
H	26	2	72
I	14	2	73
J	19	2	74
K	28	2	75
L	22	2	76
M	33	2	77
N	28	2	78
O	33	2	79
P	26	2	80
Q	33	3	81
R	27	2	82
S	26	2	83
T	28	2	84
U	26	2	85
V	26	2	86
W	37	2	87
X	26	2	88
Y	26	2	89
Z	26	2	90
a	20	0	97
b	22	2	98
c	19	0	99
d	22	2	100
e	19	0	101
f	14	2	102
g	21	1	103
h	21	2	104
i	10	2	105
j	13	3	106
k	21	2	107
l	10	2	108
m	33	0	109
n	21	0	110
o	21	0	111
p	22	1	112
q	21	1	113
r	15	0	114
s	19	0	115
t	17	0	116
u	21	0	117
v	20	0	118
w	28	0	119
x	19	0	120
y	20	1	121
z	19	0	122
0	21	0	48
1	21	0	49
2	21	0	50
3	21	0	51
4	21	0	52
5	21	0	53
6	21	0	54
7	21	0	55
8	21	0	56
9	21	0	57
!	12	2	33
"	21	2	34
dq	"
#	35	3	35
$	21	3	36
%	40	3	37
&	33	2	38
'	12	2	39
(	14	3	40
)	14	3	41
*	21	2	42
+	33	0	43
,	12	1	44
hy	14	0	161
-	14	0	45
.	12	0	46
/	21	3	47
:	12	0	58
;	12	1	59
<	42	0	60
=	42	0	61
>	42	0	62
?	17	2	63
@	33	2	64
[	12	3	91
\	21	3	92
bs	"
]	12	3	93
^	21	2	94
`	12	2	96
{	21	3	123
|	12	3	124
}	21	3	125
~	21	2	126
em	41	0	162
de	30	0	163
\-	22	0	164
en	"
dg	19	1	165
bu	21	0	166
