# Greek
name GR
internalname 45
special
charset
*a	27	0	161
*b	24	3	162
*g	23	1	163
*d	18	2	164
*e	18	0	165
*z	15	1	166
*y	23	1	167
*h	19	2	168
*i	15	0	169
*k	24	0	170
*l	25	2	171
*m	26	1	172
*n	22	0	173
*c	21	3	174
*o	21	0	175
*p	24	0	176
*r	22	1	177
*s	23	0	178
*t	16	0	179
*u	25	0	180
*f	25	3	181
*x	27	1	182
*q	28	3	183
*w	26	0	184
*A	30	2	185
*B	28	2	186
*G	26	2	187
*D	35	2	188
*E	28	2	189
*Z	26	2	190
*Y	30	2	191
*H	33	2	192
*I	14	2	193
*K	33	2	194
*L	26	2	195
*M	37	2	196
*N	33	2	197
*C	26	2	198
*O	33	2	199
*P	30	2	200
*S	30	2	201
*T	30	2	202
*U	33	2	203
*F	30	2	204
*X	30	2	205
*Q	33	2	206
*W	30	2	207
