# Helvetica
name H
internalname 35
charset
A	27	2	65
B	27	2	66
C	27	2	67
D	30	2	68
E	26	2	69
F	25	2	70
G	32	2	71
H	27	2	72
I	15	2	73
J	20	2	74
K	30	2	75
L	24	2	76
M	34	2	77
N	30	2	78
O	34	2	79
P	27	2	80
Q	34	3	81
R	28	2	82
S	27	2	83
T	30	2	84
U	27	2	85
V	27	2	86
W	39	2	87
X	27	2	88
Y	27	2	89
Z	27	2	90
a	21	0	97
b	24	2	98
c	20	0	99
d	24	2	100
e	20	0	101
f	15	2	102
g	22	1	103
h	22	2	104
i	10	2	105
j	14	3	106
k	22	2	107
l	10	2	108
m	34	0	109
n	22	0	110
o	22	0	111
p	24	1	112
q	22	1	113
r	16	0	114
s	20	0	115
t	17	0	116
u	22	0	117
v	21	0	118
w	30	0	119
x	20	0	120
y	21	1	121
z	20	0	122
0	22	0	48
1	22	0	49
2	22	0	50
3	22	0	51
4	22	0	52
5	22	0	53
6	22	0	54
7	22	0	55
8	22	0	56
9	22	0	57
!	13	2	33
"	22	2	34
dq	"
#	37	3	35
$	22	2	36
%	42	2	37
&	34	2	38
'	13	2	39
(	15	3	40
)	15	3	41
*	22	2	42
+	34	1	43
,	13	1	44
hy	15	0	161
-	15	0	45
.	13	0	46
/	22	3	47
:	13	0	58
;	13	1	59
<	44	1	60
=	44	0	61
>	44	1	62
?	17	2	63
@	34	2	64
[	13	3	91
\	22	3	92
bs	"
]	13	3	93
^	22	2	94
`	13	2	96
{	22	3	123
|	13	3	124
}	22	3	125
~	22	2	126
em	48	0	162
de	35	2	163
\-	24	0	164
en	"
dg	22	3	165
bu	24	0	166
