# Times Italic
name I
internalname 33
ligatures ff fi fl ffi ffl 0
charset
A	30	2	65
B	28	2	66
C	30	2	67
D	30	2	68
E	28	2	69
F	27	2	70
G	32	2	71
H	30	2	72
I	15	2	73
J	22	2	74
K	32	2	75
L	26	2	76
M	37	2	77
N	32	2	78
O	32	2	79
P	28	2	80
Q	32	3	81
R	30	2	82
S	24	2	83
T	30	2	84
U	30	2	85
V	30	2	86
W	41	2	87
X	30	2	88
Y	30	2	89
Z	26	2	90
a	22	0	97
b	20	2	98
c	20	0	99
d	22	2	100
e	20	0	101
f	13	3	102
g	20	1	103
h	22	2	104
i	13	2	105
j	14	3	106
k	20	2	107
l	11	2	108
m	34	0	109
n	24	0	110
o	22	0	111
p	22	1	112
q	20	1	113
r	17	0	114
s	17	0	115
t	14	2	116
u	23	0	117
v	20	0	118
w	28	0	119
x	20	0	120
y	21	1	121
z	17	0	122
0	22	2	48
1	22	2	49
2	22	2	50
3	22	2	51
4	22	3	52
5	22	2	53
6	22	2	54
7	22	2	55
8	22	2	56
9	22	2	57
!	13	2	33
%	39	2	37
&	30	2	38
'	13	2	39
(	15	3	40
)	15	3	41
*	22	2	42
+	32	2	43
,	13	1	44
hy	15	0	161
-	15	0	45
.	13	0	46
/	22	3	47
:	13	0	58
;	13	1	59
<	41	2	60
=	41	0	61
>	41	2	62
?	22	2	63
[	13	3	91
]	13	3	93
`	13	2	96
$	21	3	36
|	12	3	124
em	41	0	162
de	30	2	163
\-	22	0	164
en	"
ff	26	3	165
fi	26	3	166
fl	26	3	167
Fi	39	3	168
Fl	39	3	169
fm	9	2	170
ru	19	0	171
dg	19	3	172
bu	21	0	173
14	31	2	174
34	32	2	175
12	31	2	176
ct	22	2	177
rg	25	2	178
sq	28	2	179
