# Palatino
name PA
internalname 39
ligatures ff fi fl ffi ffl 0
charset
A	30	2	65
B	26	2	66
C	27	2	67
D	28	2	68
E	27	2	69
F	26	2	70
G	30	2	71
H	30	2	72
I	13	2	73
J	20	2	74
K	32	2	75
L	25	2	76
M	36	2	77
N	32	2	78
O	29	2	79
P	26	2	80
Q	29	3	81
R	28	2	82
S	21	2	83
T	28	2	84
U	30	2	85
V	30	2	86
W	40	2	87
X	30	2	88
Y	30	2	89
Z	23	2	90
a	20	0	97
b	22	2	98
c	17	0	99
d	22	2	100
e	17	0	101
f	13	2	102
g	19	1	103
h	22	2	104
i	12	2	105
j	14	3	106
k	22	2	107
l	12	2	108
m	32	0	109
n	22	0	110
o	19	0	111
p	22	1	112
q	19	1	113
r	17	0	114
s	15	0	115
t	15	2	116
u	22	0	117
v	21	0	118
w	28	0	119
x	20	0	120
y	21	1	121
z	17	0	122
0	19	2	48
1	19	2	49
2	19	2	50
3	19	2	51
4	19	2	52
5	19	2	53
6	19	2	54
7	19	2	55
8	19	2	56
9	19	2	57
!	11	2	33
%	35	2	37
&	29	2	38
'	11	2	39
(	13	3	40
)	13	3	41
*	19	2	42
+	29	2	43
,	11	1	44
hy	13	0	161
-	13	0	45
.	11	0	46
/	19	3	47
:	11	0	58
;	11	1	59
<	37	2	60
=	37	0	61
>	37	2	62
?	15	2	63
[	11	3	91
]	11	3	93
`	11	2	96
$	21	2	36
|	12	3	124
em	37	0	162
de	27	2	163
\-	19	0	164
en	"
ff	21	2	165
fi	23	2	166
fl	23	2	167
Fi	33	2	168
Fl	33	2	169
dg	19	3	170
bu	21	0	171
