# Palatino Italic
name PI
internalname 40
ligatures ff fi fl ffi ffl 0
charset
A	30	2	65
B	28	2	66
C	30	2	67
D	30	2	68
E	28	2	69
F	27	2	70
G	33	2	71
H	30	2	72
I	14	2	73
J	21	2	74
K	33	2	75
L	26	2	76
M	37	2	77
N	33	2	78
O	33	2	79
P	28	2	80
Q	33	3	81
R	30	2	82
S	24	2	83
T	30	2	84
U	30	2	85
V	30	2	86
W	42	2	87
X	30	2	88
Y	30	2	89
Z	26	2	90
a	21	0	97
b	24	2	98
c	19	0	99
d	24	2	100
e	19	0	101
f	14	2	102
g	21	1	103
h	24	2	104
i	12	2	105
j	14	3	106
k	24	2	107
l	12	2	108
m	35	0	109
n	24	0	110
o	21	0	111
p	24	1	112
q	21	1	113
r	17	0	114
s	17	0	115
t	17	2	116
u	24	0	117
v	22	0	118
w	30	0	119
x	21	0	120
y	22	1	121
z	19	0	122
0	21	2	48
1	21	2	49
2	21	2	50
3	21	2	51
4	21	2	52
5	21	2	53
6	21	2	54
7	21	2	55
8	21	2	56
9	21	2	57
!	12	2	33
%	40	2	37
&	33	2	38
'	12	2	39
(	14	3	40
)	14	3	41
*	21	2	42
+	33	2	43
,	12	1	44
hy	14	0	161
-	14	0	45
.	12	0	46
/	21	3	47
:	12	0	58
;	12	1	59
<	42	2	60
=	42	0	61
>	42	2	62
?	17	2	63
[	12	3	91
]	12	3	93
`	12	2	96
$	21	3	36
|	12	3	124
em	42	0	162
de	30	2	163
\-	21	0	164
en	"
ff	24	2	165
fi	24	2	166
fl	24	2	167
Fi	35	2	168
Fl	35	2	169
dg	19	3	170
bu	21	0	171
