# Special Font
name S
internalname 41
special
sync ul
sync ru
charset
\e	24	3	161
\	24	3	92
bs	"
\'	25	2	162
aa	"
\`	25	2	163
ga	"
pl	38	0	164
mi	38	0	165
mu	38	0	166
di	38	0	167
eq	38	0	168
==	42	0	169
>=	42	3	170
<=	42	3	171
!=	38	2	172
+-	38	0	173
-+	39	2	174
no	38	0	175
sl	24	3	176
ap	42	0	177
~=	42	0	178
gr	40	2	179
->	57	0	180
<-	57	0	181
ua	24	3	182
da	24	3	183
is	24	3	184
pd	30	2	185
if	49	0	186
sr	36	3	187
rn	21	2	188
sb	42	2	189
sp	42	2	190
cu	35	2	191
ca	35	2	192
ib	42	3	193
ip	42	3	194
mo	33	2	195
es	35	2	196
sc	19	3	197
dd	22	3	198
lc	22	3	199
rc	13	3	200
lf	22	3	201
rf	13	3	202
bv	13	3	203
**	22	0	204
br	0	3	205
or	10	2	206
ci	49	3	207
ts	17	0	208
#	40	3	35
@	53	3	64
"	20	2	34
dq	"
{	22	3	123
}	22	3	125
<	42	2	60
>	42	2	62
~	29	2	126
^	29	2	94
ul	22	1	209
_	29	1	95
ru	22	0	210
co	30	2	211
dg	22	3	212
bu	24	0	213
lt	22	3	214
rt	13	3	215
lb	22	3	216
rb	13	3	217
lk	13	3	218
rk	22	3	219
14	37	2	220
34	38	2	221
12	37	2	222
ct	27	2	223
rg	30	2	224
sq	33	2	225
pt	43	0	226
lh	57	0	227
rh	55	0	228
tm	47	2	229
fm	10	2	230
bx	33	2	231
